rx = [];
ry = [];
rx = [rx 0];
ry = [ry 0];
rx = [rx -1.63899];
ry = [ry -0.00510054];
rx = [rx -1.63597];
ry = [ry -0.0101825];
rx = [rx -1.64693];
ry = [ry -0.015376];
rx = [rx -1.64087];
ry = [ry -0.0204266];
rx = [rx -1.6448];
ry = [ry -0.0255953];
rx = [rx -1.64471];
ry = [ry -0.0307139];
rx = [rx -1.65161];
ry = [ry -0.0359847];
rx = [rx -1.64749];
ry = [ry -0.0410245];
rx = [rx -1.64336];
ry = [ry -0.0460394];
rx = [rx -1.6562];
ry = [ry -0.0515579];
rx = [rx -1.66203];
ry = [ry -0.0569172];
rx = [rx -1.65285];
ry = [ry -0.0617532];
rx = [rx -1.63666];
ry = [ry -0.0662492];
rx = [rx -1.6874];
ry = [ry -0.0735636];
rx = [rx 0];
ry = [ry 0];
rx = [rx 0];
ry = [ry 0];
rx = [rx 0];
ry = [ry 0];
rx = [rx 0];
ry = [ry 0];
rx = [rx 0];
ry = [ry 0];
rx = [rx -1.63782];
ry = [ry -0.102071];
rx = [rx -1.60956];
ry = [ry -0.105339];
rx = [rx -1.58129];
ry = [ry -0.108431];
rx = [rx -1.58693];
ry = [ry -0.113781];
rx = [rx -1.60053];
ry = [ry -0.119764];
rx = [rx -1.59217];
ry = [ry -0.124122];
rx = [rx -1.5848];
ry = [ry -0.128511];
rx = [rx -1.58339];
ry = [ry -0.133358];
rx = [rx -1.57201];
ry = [ry -0.137328];
rx = [rx -1.56062];
ry = [ry -0.141228];
rx = [rx -1.55022];
ry = [ry -0.145152];
rx = [rx -1.53782];
ry = [ry -0.14882];
rx = [rx -1.54133];
ry = [ry -0.154002];
rx = [rx -1.53487];
ry = [ry -0.158183];
rx = [rx -1.51846];
ry = [ry -0.161269];
rx = [rx -1.51397];
ry = [ry -0.165559];
rx = [rx -1.51047];
ry = [ry -0.169934];
rx = [rx -1.50397];
ry = [ry -0.173944];
rx = [rx -1.49151];
ry = [ry -0.177208];
rx = [rx -1.47904];
ry = [ry -0.180396];
rx = [rx -1.46557];
ry = [ry -0.183384];
rx = [rx -1.45706];
ry = [ry -0.186926];
rx = [rx -1.46044];
ry = [ry -0.191981];
rx = [rx -1.4638];
ry = [ry -0.197059];
rx = [rx -1.43841];
ry = [ry -0.1982];
rx = [rx -1.42689];
ry = [ry -0.201141];
rx = [rx -1.42626];
ry = [ry -0.20558];
rx = [rx -1.41869];
ry = [ry -0.208997];
rx = [rx -1.40616];
ry = [ry -0.211625];
rx = [rx -1.4055];
ry = [ry -0.216];
rx = [rx -1.40581];
ry = [ry -0.220528];
rx = [rx -1.39129];
ry = [ry -0.222689];
rx = [rx -1.39651];
ry = [ry -0.227985];
rx = [rx -1.38001];
ry = [ry -0.229703];
rx = [rx -1.36845];
ry = [ry -0.232156];
rx = [rx -1.37067];
ry = [ry -0.236925];
rx = [rx -1.36402];
ry = [ry -0.240149];
rx = [rx -1.35736];
ry = [ry -0.243334];
rx = [rx -1.34282];
ry = [ry -0.245044];
rx = [rx -1.34894];
ry = [ry -0.250499];
rx = [rx -1.32948];
ry = [ry -0.251169];
rx = [rx -1.3336];
ry = [ry -0.256248];
rx = [rx -1.30728];
ry = [ry -0.255412];
rx = [rx -1.3055];
ry = [ry -0.259284];
rx = [rx -1.30469];
ry = [ry -0.263346];
rx = [rx -1.30386];
ry = [ry -0.267405];
rx = [rx -1.30596];
ry = [ry -0.272073];
rx = [rx -1.30511];
ry = [ry -0.276136];
rx = [rx -1.2974];
ry = [ry -0.278726];
rx = [rx -1.29066];
ry = [ry -0.281483];
rx = [rx -1.28295];
ry = [ry -0.283986];
rx = [rx -1.2762];
ry = [ry -0.286662];
rx = [rx -1.26263];
ry = [ry -0.287743];
rx = [rx -1.2666];
ry = [ry -0.292798];
rx = [rx -1.25205];
ry = [ry -0.293542];
rx = [rx -1.25113];
ry = [ry -0.297437];
rx = [rx -1.24339];
ry = [ry -0.299689];
rx = [rx 0];
ry = [ry 0];
rx = [rx -1.2415];
ry = [ry -0.307422];
rx = [rx -1.22696];
ry = [ry -0.307877];
rx = [rx -1.22406];
ry = [ry -0.311201];
rx = [rx -1.21146];
ry = [ry -0.312016];
rx = [rx -1.20952];
ry = [ry -0.315532];
rx = [rx -1.20853];
ry = [ry -0.319295];
rx = [rx -1.19594];
ry = [ry -0.319953];
rx = [rx 0];
ry = [ry 0];
rx = [rx -1.19489];
ry = [ry -0.327654];
rx = [rx -1.18038];
ry = [ry -0.327627];
rx = [rx -1.18031];
ry = [ry -0.331569];
rx = [rx -1.16581];
ry = [ry -0.331413];
rx = [rx -1.16862];
ry = [ry -0.336145];
rx = [rx -1.16372];
ry = [ry -0.338662];
rx = [rx -1.16266];
ry = [ry -0.342282];
rx = [rx -1.16159];
ry = [ry -0.345899];
rx = [rx -1.14806];
ry = [ry -0.345763];
rx = [rx -1.14698];
ry = [ry -0.349334];
rx = [rx -1.15162];
ry = [ry -0.354668];
rx = [rx -1.13906];
ry = [ry -0.354682];
rx = [rx -1.1265];
ry = [ry -0.354622];
rx = [rx -1.12539];
ry = [ry -0.358126];
rx = [rx -1.12427];
ry = [ry -0.361627];
rx = [rx -1.12314];
ry = [ry -0.365124];
rx = [rx -1.122];
ry = [ry -0.368617];
rx = [rx -1.11136];
ry = [ry -0.368956];
rx = [rx -1.10546];
ry = [ry -0.370823];
rx = [rx -1.10241];
ry = [ry -0.373619];
rx = [rx -1.10219];
ry = [ry -0.377372];
rx = [rx -1.1029];
ry = [ry -0.381454];
rx = [rx -1.07055];
ry = [ry -0.374001];
rx = [rx 0];
ry = [ry 0];
rx = [rx -1.0569];
ry = [ry -0.376629];
rx = [rx -1.06701];
ry = [ry -0.383979];
rx = [rx -1.04983];
ry = [ry -0.381492];
rx = [rx -1.04958];
ry = [ry -0.385102];
rx = [rx -1.05025];
ry = [ry -0.389061];
rx = [rx -1.03873];
ry = [ry -0.388474];
rx = [rx -1.03752];
ry = [ry -0.391705];
rx = [rx -1.03817];
ry = [ry -0.395644];
rx = [rx -1.02013];
ry = [ry -0.392411];
rx = [rx -1.0189];
ry = [ry -0.395583];
rx = [rx -1.0186];
ry = [ry -0.399117];
rx = [rx -1.00247];
ry = [ry -0.396401];
rx = [rx -1.00123];
ry = [ry -0.399519];
rx = [rx -0.999985];
ry = [ry -0.402633];
rx = [rx -1.00336];
ry = [ry -0.407625];
rx = [rx -1.00949];
ry = [ry -0.41378];
rx = [rx -1.0045];
ry = [ry -0.415391];
rx = [rx -1.00043];
ry = [ry -0.41736];
rx = [rx -1.01111];
ry = [ry -0.425514];
rx = [rx -1.02175];
ry = [ry -0.433738];
rx = [rx 0];
ry = [ry 0];
rx = [rx 0];
ry = [ry 0];
rx = [rx 0];
ry = [ry 0];
rx = [rx 0];
ry = [ry 0];
rx = [rx -1.80575];
ry = [ry -0.799934];
rx = [rx -1.81603];
ry = [ry -0.81126];
rx = [rx -1.81806];
ry = [ry -0.818962];
rx = [rx -1.81186];
ry = [ry -0.822961];
rx = [rx -1.80838];
ry = [ry -0.828179];
rx = [rx -1.79308];
ry = [ry -0.827934];
rx = [rx -1.79231];
ry = [ry -0.834354];
rx = [rx -1.79242];
ry = [ry -0.841203];
rx = [rx -1.78618];
ry = [ry -0.845066];
rx = [rx -1.77632];
ry = [ry -0.847176];
rx = [rx -1.76917];
ry = [ry -0.850534];
rx = [rx -1.76831];
ry = [ry -0.856908];
rx = [rx -1.75755];
ry = [ry -0.858457];
rx = [rx -1.75487];
ry = [ry -0.863922];
rx = [rx -1.75217];
ry = [ry -0.869379];
rx = [rx -1.73783];
ry = [ry -0.869013];
rx = [rx -1.7378];
ry = [ry -0.875767];
rx = [rx -1.7315];
ry = [ry -0.87936];
rx = [rx -1.72875];
ry = [ry -0.884744];
rx = [rx -1.70466];
ry = [ry -0.879119];
rx = [rx -1.70458];
ry = [ry -0.885803];
rx = [rx -1.70536];
ry = [ry -0.892959];
rx = [rx -1.69107];
ry = [ry -0.892196];
rx = [rx -1.69005];
ry = [ry -0.898393];
rx = [rx -1.67755];
ry = [ry -0.898455];
rx = [rx -1.66507];
ry = [ry -0.898448];
rx = [rx -1.66227];
ry = [ry -0.903625];
rx = [rx -1.65945];
ry = [ry -0.908794];
rx = [rx -1.6461];
ry = [ry -0.908156];
rx = [rx -1.64414];
ry = [ry -0.913761];
rx = [rx -1.64042];
ry = [ry -0.918384];
rx = [rx -1.63145];
ry = [ry -0.920047];
rx = [rx -1.61293];
ry = [ry -0.916229];
rx = [rx -1.61354];
ry = [ry -0.92323];
rx = [rx -1.615];
ry = [ry -0.930744];
rx = [rx -1.59998];
ry = [ry -0.928737];
rx = [rx -1.60054];
ry = [ry -0.93573];
rx = [rx -1.59676];
ry = [ry -0.940199];
rx = [rx -1.58178];
ry = [ry -0.938023];
rx = [rx -1.58143];
ry = [ry -0.944479];
rx = [rx -1.57506];
ry = [ry -0.947334];
rx = [rx -1.56868];
ry = [ry -0.950159];
rx = [rx -1.55632];
ry = [ry -0.949308];
rx = [rx 0];
ry = [ry 0];
rx = [rx -1.03501];
ry = [ry -0.640194];
rx = [rx -1.0033];
ry = [ry -0.624908];
rx = [rx -0.979326];
ry = [ry -0.614213];
rx = [rx -0.971491];
ry = [ry -0.61352];
rx = [rx -0.96367];
ry = [ry -0.612784];
rx = [rx -0.964285];
ry = [ry -0.617398];
rx = [rx -0.961518];
ry = [ry -0.619854];
rx = [rx -0.951197];
ry = [ry -0.617399];
rx = [rx -0.9409];
ry = [ry -0.614885];
rx = [rx -0.938146];
ry = [ry -0.617261];
rx = [rx -0.935387];
ry = [ry -0.619625];
rx = [rx -0.933454];
ry = [ry -0.622533];
rx = [rx -0.934003];
ry = [ry -0.627107];
rx = [rx -0.932876];
ry = [ry -0.630571];
rx = [rx -0.925121];
ry = [ry -0.629533];
rx = [rx -0.923983];
ry = [ry -0.632974];
rx = [rx -0.924478];
ry = [ry -0.637549];
rx = [rx -0.921668];
ry = [ry -0.639853];
rx = [rx -0.919672];
ry = [ry -0.642718];
rx = [rx -0.917668];
ry = [ry -0.645577];
rx = [rx -0.906677];
ry = [ry -0.642073];
rx = [rx -0.908746];
ry = [ry -0.647793];
