rx = [];
ry = [];
rx = [rx 0];
ry = [ry 0];
rx = [rx -1.08499];
ry = [ry -0.0033765];
rx = [rx -1.07598];
ry = [ry -0.00669705];
rx = [rx -1.06695];
ry = [ry -0.00996127];
rx = [rx -1.05792];
ry = [ry -0.0131696];
rx = [rx 0];
ry = [ry 0];
rx = [rx -5.50204];
ry = [ry -0.102747];
rx = [rx -5.51069];
ry = [ry -0.120065];
rx = [rx -5.53728];
ry = [ry -0.137885];
rx = [rx -5.50984];
ry = [ry -0.154361];
rx = [rx -5.51233];
ry = [ry -0.1716];
rx = [rx -5.51876];
ry = [ry -0.188994];
rx = [rx -5.52614];
ry = [ry -0.206466];
rx = [rx -5.52448];
ry = [ry -0.223621];
rx = [rx -5.52575];
ry = [ry -0.2409];
rx = [rx -5.505];
ry = [ry -0.257162];
rx = [rx -5.50117];
ry = [ry -0.274143];
rx = [rx -5.52825];
ry = [ry -0.292741];
rx = [rx -5.50535];
ry = [ry -0.308713];
rx = [rx -5.51634];
ry = [ry -0.326553];
rx = [rx -5.52728];
ry = [ry -0.344465];
rx = [rx -5.67286];
ry = [ry -0.371265];
rx = [rx -5.84228];
ry = [ry -0.400615];
rx = [rx -5.74425];
ry = [ry -0.411857];
rx = [rx 0];
ry = [ry 0];
rx = [rx -5.35774];
ry = [ry -0.417679];
rx = [rx 0];
ry = [ry 0];
rx = [rx -5.32515];
ry = [ry -0.448499];
rx = [rx 0];
ry = [ry 0];
rx = [rx -5.32126];
ry = [ry -0.481545];
rx = [rx -5.31575];
ry = [ry -0.49773];
rx = [rx -5.31816];
ry = [ry -0.514655];
rx = [rx -5.33444];
ry = [ry -0.532992];
rx = [rx -5.3248];
ry = [ry -0.54877];
rx = [rx -5.32804];
ry = [ry -0.565867];
rx = [rx -5.33221];
ry = [ry -0.583097];
rx = [rx 0];
ry = [ry 0];
rx = [rx -5.34537];
ry = [ry -0.618226];
rx = [rx -5.34242];
ry = [ry -0.634741];
rx = [rx -5.33844];
ry = [ry -0.651121];
rx = [rx -5.35822];
ry = [ry -0.670463];
rx = [rx -5.33527];
ry = [ry -0.684463];
rx = [rx -5.34799];
ry = [ry -0.703017];
rx = [rx -5.34578];
ry = [ry -0.719657];
rx = [rx 0];
ry = [ry 0];
rx = [rx -5.35209];
ry = [ry -0.754451];
rx = [rx 0];
ry = [ry 0];
rx = [rx -5.26122];
ry = [ry -0.775068];
rx = [rx -5.25977];
ry = [ry -0.791586];
rx = [rx -5.21675];
ry = [ry -0.801723];
rx = [rx -5.14706];
ry = [ry -0.807416];
rx = [rx -4.96283];
ry = [ry -0.794348];
rx = [rx -4.92184];
ry = [ry -0.803505];
rx = [rx -4.88184];
ry = [ry -0.812579];
rx = [rx 0];
ry = [ry 0];
rx = [rx -4.61556];
ry = [ry -0.797812];
rx = [rx -4.59828];
ry = [ry -0.80957];
rx = [rx -4.60164];
ry = [ry -0.824935];
rx = [rx -4.96304];
ry = [ry -0.905674];
rx = [rx -5.33873];
ry = [ry -0.991408];
rx = [rx -5.34446];
ry = [ry -1.00969];
rx = [rx -5.35308];
ry = [ry -1.02858];
rx = [rx -5.35476];
ry = [ry -1.04619];
rx = [rx -5.36423];
ry = [ry -1.06538];
rx = [rx -5.36775];
ry = [ry -1.08346];
rx = [rx -5.35553];
ry = [ry -1.09835];
rx = [rx -5.3609];
ry = [ry -1.11684];
rx = [rx -5.37501];
ry = [ry -1.13725];
rx = [rx 0];
ry = [ry 0];
rx = [rx -5.37466];
ry = [ry -1.17217];
rx = [rx -5.3749];
ry = [ry -1.18976];
rx = [rx -5.36726];
ry = [ry -1.2056];
rx = [rx 0];
ry = [ry 0];
rx = [rx -5.37037];
ry = [ry -1.24146];
rx = [rx -5.36843];
ry = [ry -1.25863];
rx = [rx 0];
ry = [ry 0];
rx = [rx -5.38577];
ry = [ry -1.29811];
rx = [rx 0];
ry = [ry 0];
rx = [rx 0];
ry = [ry 0];
rx = [rx -5.37051];
ry = [ry -1.3476];
rx = [rx -5.38858];
ry = [ry -1.36997];
rx = [rx 0];
ry = [ry 0];
rx = [rx -3.64501];
ry = [ry -0.950887];
rx = [rx -3.59176];
ry = [ry -0.948944];
rx = [rx -3.59845];
ry = [ry -0.962701];
rx = [rx -3.58868];
ry = [ry -0.972064];
rx = [rx -3.57985];
ry = [ry -0.981641];
rx = [rx -3.5893];
ry = [ry -0.996254];
rx = [rx -3.58715];
ry = [ry -1.00769];
rx = [rx -3.5965];
ry = [ry -1.0224];
rx = [rx -3.6327];
ry = [ry -1.04492];
rx = [rx -3.62751];
ry = [ry -1.05566];
rx = [rx 0];
ry = [ry 0];
rx = [rx 0];
ry = [ry 0];
rx = [rx -3.60409];
ry = [ry -1.08545];
rx = [rx -3.62748];
ry = [ry -1.10482];
rx = [rx -3.62881];
ry = [ry -1.11757];
rx = [rx -3.62627];
ry = [ry -1.12916];
rx = [rx -3.61987];
ry = [ry -1.13954];
rx = [rx -3.61917];
ry = [ry -1.15171];
rx = [rx -3.6327];
ry = [ry -1.16847];
rx = [rx -3.6281];
ry = [ry -1.17946];
rx = [rx -3.62441];
ry = [ry -1.19075];
rx = [rx -3.62543];
ry = [ry -1.2036];
rx = [rx 0];
ry = [ry 0];
rx = [rx -3.61313];
ry = [ry -1.22453];
rx = [rx 0];
ry = [ry 0];
rx = [rx -3.61395];
ry = [ry -1.24994];
rx = [rx -3.6242];
ry = [ry -1.26613];
rx = [rx -3.62967];
ry = [ry -1.28073];
rx = [rx 0];
ry = [ry 0];
rx = [rx -3.63104];
ry = [ry -1.30668];
rx = [rx -3.6185];
ry = [ry -1.3149];
rx = [rx -2.94784];
ry = [ry -1.08159];
rx = [rx 0];
ry = [ry 0];
rx = [rx -3.64072];
ry = [ry -1.36159];
rx = [rx -3.63927];
ry = [ry -1.37397];
rx = [rx -3.64432];
ry = [ry -1.38885];
rx = [rx 0];
ry = [ry 0];
rx = [rx -3.6412];
ry = [ry -1.41368];
rx = [rx -3.63958];
ry = [ry -1.4261];
rx = [rx -3.63419];
ry = [ry -1.43705];
rx = [rx -3.59348];
ry = [ry -1.4339];
rx = [rx 0];
ry = [ry 0];
rx = [rx -3.64563];
ry = [ry -1.48108];
rx = [rx -3.63916];
ry = [ry -1.49166];
rx = [rx 0];
ry = [ry 0];
rx = [rx -3.63995];
ry = [ry -1.51851];
rx = [rx 0];
ry = [ry 0];
rx = [rx -2.3896];
ry = [ry -1.0144];
rx = [rx -2.37173];
ry = [ry -1.01553];
rx = [rx -2.35754];
ry = [ry -1.01815];
rx = [rx -2.34152];
ry = [ry -1.01989];
rx = [rx -2.35116];
ry = [ry -1.03281];
rx = [rx -2.34702];
ry = [ry -1.03971];
rx = [rx -2.34286];
ry = [ry -1.0466];
rx = [rx -2.34232];
ry = [ry -1.05512];
rx = [rx -2.33903];
ry = [ry -1.06241];
rx = [rx -2.34117];
ry = [ry -1.07218];
rx = [rx -2.31421];
ry = [ry -1.06856];
rx = [rx -2.29637];
ry = [ry -1.069];
rx = [rx -2.30571];
ry = [ry -1.08209];
rx = [rx -2.30504];
ry = [ry -1.09055];
rx = [rx -2.30434];
ry = [ry -1.099];
rx = [rx -2.30362];
ry = [ry -1.10747];
rx = [rx -2.30826];
ry = [ry -1.11856];
rx = [rx -2.30836];
ry = [ry -1.12749];
rx = [rx -2.30843];
ry = [ry -1.13644];
rx = [rx -2.31025];
ry = [ry -1.14628];
rx = [rx -2.31741];
ry = [ry -1.15883];
rx = [rx -2.32004];
ry = [ry -1.16919];
rx = [rx 0];
ry = [ry 0];
rx = [rx -2.3145];
ry = [ry -1.18452];
rx = [rx 0];
ry = [ry 0];
rx = [rx -2.31684];
ry = [ry -1.20397];
rx = [rx -2.31663];
ry = [ry -1.21303];
rx = [rx -2.31284];
ry = [ry -1.22024];
rx = [rx -2.32051];
ry = [ry -1.23353];
rx = [rx -2.31138];
ry = [ry -1.23791];
rx = [rx -2.32599];
ry = [ry -1.25507];
rx = [rx 0];
ry = [ry 0];
rx = [rx -2.31989];
ry = [ry -1.27049];
rx = [rx -2.32205];
ry = [ry -1.28108];
rx = [rx -2.3233];
ry = [ry -1.29122];
rx = [rx -2.32712];
ry = [ry -1.30284];
rx = [rx -2.32306];
ry = [ry -1.31007];
rx = [rx -2.32071];
ry = [ry -1.31828];
rx = [rx -2.32614];
ry = [ry -1.33096];
rx = [rx 0];
ry = [ry 0];
rx = [rx -2.32473];
ry = [ry -1.34943];
rx = [rx -2.33175];
ry = [ry -1.36322];
rx = [rx -2.32232];
ry = [ry -1.36742];
rx = [rx -2.3301];
ry = [ry -1.38179];
rx = [rx -2.32922];
ry = [ry -1.39108];
rx = [rx -2.33345];
ry = [ry -1.40348];
rx = [rx -2.33762];
ry = [ry -1.41591];
rx = [rx 0];
ry = [ry 0];
rx = [rx -2.31087];
ry = [ry -1.41944];
rx = [rx -1.49596];
ry = [ry -0.925309];
rx = [rx 0];
ry = [ry 0];
rx = [rx 0];
ry = [ry 0];
rx = [rx -2.30148];
ry = [ry -1.45344];
rx = [rx -2.33323];
ry = [ry -1.48367];
rx = [rx -2.32776];
ry = [ry -1.49038];
rx = [rx -2.32311];
ry = [ry -1.49762];
rx = [rx -2.33689];
ry = [ry -1.51682];
rx = [rx -2.33216];
ry = [ry -1.52408];
rx = [rx 0];
ry = [ry 0];
rx = [rx -1.72738];
ry = [ry -1.14426];
rx = [rx 0];
ry = [ry 0];
rx = [rx 0];
ry = [ry 0];
rx = [rx 0];
ry = [ry 0];
rx = [rx -2.34298];
ry = [ry -1.59437];
rx = [rx -2.34378];
ry = [ry -1.60561];
rx = [rx -2.3363];
ry = [ry -1.61119];
rx = [rx -2.34196];
ry = [ry -1.62587];
rx = [rx -2.34262];
ry = [ry -1.63716];
rx = [rx -2.34651];
ry = [ry -1.65077];
rx = [rx -2.34381];
ry = [ry -1.6598];
rx = [rx 0];
ry = [ry 0];
rx = [rx 0];
ry = [ry 0];
rx = [rx 0];
ry = [ry 0];
rx = [rx -2.33268];
ry = [ry -1.6959];
rx = [rx 0];
ry = [ry 0];
rx = [rx -2.33899];
ry = [ry -1.72284];
rx = [rx -2.34165];
ry = [ry -1.73607];
rx = [rx -2.34825];
ry = [ry -1.75231];
rx = [rx -2.36918];
ry = [ry -1.77943];
rx = [rx 0];
ry = [ry 0];
rx = [rx -2.37079];
ry = [ry -1.80383];
rx = [rx -2.36596];
ry = [ry -1.81181];
rx = [rx -2.3714];
ry = [ry -1.82771];
rx = [rx -2.37044];
ry = [ry -1.83876];
