rx = [];
ry = [];
rx = [rx 0];
ry = [ry 0];
rx = [rx -5.08598];
ry = [ry -0.0158276];
rx = [rx -5.0669];
ry = [ry -0.0315371];
rx = [rx -5.05678];
ry = [ry -0.047211];
rx = [rx 0];
ry = [ry 0];
rx = [rx -8.17201];
ry = [ry -0.127167];
rx = [rx -8.17757];
ry = [ry -0.152711];
rx = [rx -8.18306];
ry = [ry -0.17829];
rx = [rx -8.16347];
ry = [ry -0.20328];
rx = [rx -8.17979];
ry = [ry -0.229161];
rx = [rx -8.17704];
ry = [ry -0.254553];
rx = [rx -8.16721];
ry = [ry -0.279692];
rx = [rx -8.15431];
ry = [ry -0.304659];
rx = [rx -8.15732];
ry = [ry -0.330194];
rx = [rx 0];
ry = [ry 0];
rx = [rx -8.1601];
ry = [ry -0.381193];
rx = [rx 0];
ry = [ry 0];
rx = [rx -8.16057];
ry = [ry -0.432132];
rx = [rx -8.15619];
ry = [ry -0.457358];
rx = [rx -8.17768];
ry = [ry -0.484098];
rx = [rx -8.17813];
ry = [ry -0.50967];
rx = [rx -8.18649];
ry = [ry -0.535771];
rx = [rx -8.06606];
ry = [ry -0.553103];
rx = [rx 0];
ry = [ry 0];
rx = [rx -8.13725];
ry = [ry -0.608892];
rx = [rx -8.17121];
ry = [ry -0.637011];
rx = [rx -8.1642];
ry = [ry -0.662033];
rx = [rx -8.20196];
ry = [ry -0.690793];
rx = [rx 0];
ry = [ry 0];
rx = [rx -7.5631];
ry = [ry -0.684419];
rx = [rx 0];
ry = [ry 0];
rx = [rx 0];
ry = [ry 0];
rx = [rx -8.23301];
ry = [ry -0.822603];
rx = [rx -8.25726];
ry = [ry -0.850988];
rx = [rx -8.30927];
ry = [ry -0.88249];
rx = [rx -8.30251];
ry = [ry -0.90791];
rx = [rx -8.31753];
ry = [ry -0.935756];
rx = [rx -8.30563];
ry = [ry -0.9606];
rx = [rx -8.40687];
ry = [ry -0.998831];
rx = [rx 0];
ry = [ry 0];
rx = [rx -8.35981];
ry = [ry -1.04605];
rx = [rx -8.39222];
ry = [ry -1.07664];
rx = [rx -8.39874];
ry = [ry -1.10405];
rx = [rx -8.44482];
ry = [ry -1.13686];
rx = [rx -8.33723];
ry = [ry -1.1488];
rx = [rx -8.36926];
ry = [ry -1.17976];
rx = [rx -8.38831];
ry = [ry -1.20908];
rx = [rx 0];
ry = [ry 0];
rx = [rx -8.43501];
ry = [ry -1.26945];
rx = [rx -8.43596];
ry = [ry -1.29646];
rx = [rx -8.46745];
ry = [ry -1.32828];
rx = [rx -8.45439];
ry = [ry -1.35321];
rx = [rx 0];
ry = [ry 0];
rx = [rx -8.47737];
ry = [ry -1.41105];
rx = [rx -8.49561];
ry = [ry -1.44128];
rx = [rx -8.46448];
ry = [ry -1.46311];
rx = [rx -8.43132];
ry = [ry -1.48441];
rx = [rx -8.40107];
ry = [ry -1.50606];
rx = [rx -8.42783];
ry = [ry -1.53794];
rx = [rx -8.30993];
ry = [ry -1.54316];
rx = [rx -8.34439];
ry = [ry -1.57644];
rx = [rx 0];
ry = [ry 0];
rx = [rx 0];
ry = [ry 0];
rx = [rx 0];
ry = [ry 0];
rx = [rx 0];
ry = [ry 0];
rx = [rx 0];
ry = [ry 0];
rx = [rx 0];
ry = [ry 0];
rx = [rx 0];
ry = [ry 0];
rx = [rx 0];
ry = [ry 0];
rx = [rx -5.86318];
ry = [ry -1.27871];
rx = [rx -5.86113];
ry = [ry -1.29739];
rx = [rx -5.83169];
ry = [ry -1.30992];
rx = [rx -5.80419];
ry = [ry -1.32273];
rx = [rx -5.77666];
ry = [ry -1.33538];
rx = [rx 0];
ry = [ry 0];
rx = [rx 0];
ry = [ry 0];
rx = [rx 0];
ry = [ry 0];
rx = [rx -5.8441];
ry = [ry -1.42783];
rx = [rx -5.83478];
ry = [ry -1.44481];
rx = [rx -5.82928];
ry = [ry -1.46272];
rx = [rx -5.80338];
ry = [ry -1.47543];
rx = [rx 0];
ry = [ry 0];
rx = [rx 0];
ry = [ry 0];
rx = [rx 0];
ry = [ry 0];
rx = [rx -4.67847];
ry = [ry -1.25164];
rx = [rx -4.67841];
ry = [ry -1.26724];
rx = [rx -4.66094];
ry = [ry -1.27809];
rx = [rx -4.68488];
ry = [ry -1.30035];
rx = [rx -4.702];
ry = [ry -1.32087];
rx = [rx 0];
ry = [ry 0];
rx = [rx 0];
ry = [ry 0];
rx = [rx -4.38797];
ry = [ry -1.27697];
rx = [rx -4.38493];
ry = [ry -1.2909];
rx = [rx -4.49878];
ry = [ry -1.33964];
rx = [rx -4.61523];
ry = [ry -1.38997];
rx = [rx -4.69411];
ry = [ry -1.42968];
rx = [rx 0];
ry = [ry 0];
rx = [rx -3.23672];
ry = [ry -1.00786];
rx = [rx -3.21353];
ry = [ry -1.01162];
rx = [rx -3.19226];
ry = [ry -1.01585];
rx = [rx -3.17671];
ry = [ry -1.0218];
rx = [rx -3.22582];
ry = [ry -1.04869];
rx = [rx -3.5028];
ry = [ry -1.1508];
rx = [rx -3.7583];
ry = [ry -1.24771];
rx = [rx -3.70605];
ry = [ry -1.24318];
rx = [rx -3.62924];
ry = [ry -1.22999];
rx = [rx 0];
ry = [ry 0];
rx = [rx -3.5856];
ry = [ry -1.24013];
rx = [rx -3.54207];
ry = [ry -1.23744];
rx = [rx -3.525];
ry = [ry -1.24379];
rx = [rx -3.52488];
ry = [ry -1.2561];
rx = [rx -3.53601];
ry = [ry -1.27248];
rx = [rx -3.54049];
ry = [ry -1.28655];
rx = [rx -3.54586];
ry = [ry -1.30101];
rx = [rx 0];
ry = [ry 0];
rx = [rx -3.54144];
ry = [ry -1.32446];
rx = [rx -3.55975];
ry = [ry -1.34395];
rx = [rx -3.54995];
ry = [ry -1.35288];
rx = [rx -3.53918];
ry = [ry -1.36141];
rx = [rx -3.53493];
ry = [ry -1.37242];
rx = [rx -3.55578];
ry = [ry -1.39326];
rx = [rx -3.53283];
ry = [ry -1.39697];
rx = [rx 0];
ry = [ry 0];
rx = [rx -3.5519];
ry = [ry -1.43013];
rx = [rx -3.54187];
ry = [ry -1.43892];
rx = [rx 0];
ry = [ry 0];
rx = [rx -3.53469];
ry = [ry -1.4617];
rx = [rx -3.5329];
ry = [ry -1.47385];
rx = [rx -3.53474];
ry = [ry -1.48755];
rx = [rx -3.54022];
ry = [ry -1.50284];
rx = [rx -3.55024];
ry = [ry -1.52015];
rx = [rx 0];
ry = [ry 0];
rx = [rx -3.54987];
ry = [ry -1.54621];
rx = [rx -3.5597];
ry = [ry -1.56369];
rx = [rx -3.52098];
ry = [ry -1.55977];
rx = [rx -3.53711];
ry = [ry -1.5801];
rx = [rx -3.52215];
ry = [ry -1.58658];
rx = [rx -3.54087];
ry = [ry -1.60829];
rx = [rx -3.52584];
ry = [ry -1.61472];
rx = [rx -3.52262];
ry = [ry -1.62652];
rx = [rx -3.51935];
ry = [ry -1.63832];
rx = [rx 0];
ry = [ry 0];
rx = [rx 0];
ry = [ry 0];
rx = [rx -2.55346];
ry = [ry -1.21782];
rx = [rx -2.53344];
ry = [ry -1.21796];
rx = [rx -2.49094];
ry = [ry -1.20708];
rx = [rx -2.47729];
ry = [ry -1.21];
rx = [rx -2.46902];
ry = [ry -1.2155];
rx = [rx -2.46164];
ry = [ry -1.2214];
rx = [rx -2.45068];
ry = [ry -1.22547];
rx = [rx -2.43078];
ry = [ry -1.22499];
rx = [rx -2.44478];
ry = [ry -1.24161];
rx = [rx -2.39462];
ry = [ry -1.22552];
rx = [rx -2.3979];
ry = [ry -1.23663];
rx = [rx -2.39404];
ry = [ry -1.24409];
rx = [rx 0];
ry = [ry 0];
rx = [rx -2.43401];
ry = [ry -1.28417];
rx = [rx -2.40352];
ry = [ry -1.27765];
rx = [rx -2.40305];
ry = [ry -1.28701];
rx = [rx -2.4008];
ry = [ry -1.29544];
rx = [rx 0];
ry = [ry 0];
rx = [rx -2.40321];
ry = [ry -1.31612];
rx = [rx 0];
ry = [ry 0];
rx = [rx -2.41421];
ry = [ry -1.34174];
rx = [rx 0];
ry = [ry 0];
rx = [rx -2.41626];
ry = [ry -1.36263];
rx = [rx -2.4207];
ry = [ry -1.37508];
rx = [rx -2.42596];
ry = [ry -1.38807];
rx = [rx -2.42336];
ry = [ry -1.39661];
rx = [rx -2.4337];
ry = [ry -1.41268];
rx = [rx -2.43448];
ry = [ry -1.42328];
rx = [rx -2.40505];
ry = [ry -1.41613];
rx = [rx 0];
ry = [ry 0];
rx = [rx -2.37043];
ry = [ry -1.41569];
rx = [rx -2.37372];
ry = [ry -1.4277];
rx = [rx -2.37012];
ry = [ry -1.4356];
rx = [rx -2.40919];
ry = [ry -1.46953];
rx = [rx -2.35518];
ry = [ry -1.44666];
rx = [rx -2.127];
ry = [ry -1.31563];
rx = [rx -1.93955];
ry = [ry -1.20805];
rx = [rx -1.94679];
ry = [ry -1.22099];
rx = [rx -1.95482];
ry = [ry -1.23452];
rx = [rx -1.93831];
ry = [ry -1.23254];
rx = [rx -1.93446];
ry = [ry -1.23857];
rx = [rx -1.92724];
ry = [ry -1.24242];
rx = [rx -1.92756];
ry = [ry -1.25113];
rx = [rx 0];
ry = [ry 0];
rx = [rx -2.46942];
ry = [ry -1.62478];
rx = [rx 0];
ry = [ry 0];
rx = [rx 0];
ry = [ry 0];
rx = [rx -2.59196];
ry = [ry -1.74029];
rx = [rx -2.56416];
ry = [ry -1.73323];
rx = [rx -2.50833];
ry = [ry -1.70688];
rx = [rx -2.45928];
ry = [ry -1.68473];
rx = [rx -2.44662];
ry = [ry -1.68726];
rx = [rx -2.46353];
ry = [ry -1.71027];
rx = [rx 0];
ry = [ry 0];
rx = [rx 0];
ry = [ry 0];
rx = [rx -2.70453];
ry = [ry -1.91524];
rx = [rx -2.62852];
ry = [ry -1.87373];
rx = [rx -2.6633];
ry = [ry -1.91105];
rx = [rx -2.69301];
ry = [ry -1.94509];
rx = [rx -2.6918];
ry = [ry -1.95699];
rx = [rx -2.66633];
ry = [ry -1.95118];
rx = [rx -2.63609];
ry = [ry -1.94168];
rx = [rx -2.60915];
ry = [ry -1.93439];
rx = [rx -2.60312];
ry = [ry -1.9425];
rx = [rx -2.59306];
ry = [ry -1.94759];
rx = [rx -2.5838];
ry = [ry -1.95323];
rx = [rx -2.59362];
ry = [ry -1.97338];
rx = [rx -2.57556];
ry = [ry -1.97232];
rx = [rx -2.58842];
ry = [ry -1.99497];
rx = [rx 0];
ry = [ry 0];
rx = [rx -2.57989];
ry = [ry -2.01412];
rx = [rx -2.57833];
ry = [ry -2.02585];
rx = [rx -2.57201];
