vx = [];
vy = [];
vx = [vx -2.38248];
vy = [vy 2.08283e-07];
vx = [vx -2.41818];
vy = [vy -0.00752536];
vx = [vx -2.40965];
vy = [vy -0.014998];
vx = [vx -2.40959];
vy = [vy -0.0224963];
vx = [vx -2.40951];
vy = [vy -0.029995];
vx = [vx -2.4094];
vy = [vy -0.0374935];
vx = [vx -2.42531];
vy = [vy -0.0452909];
vx = [vx -0.0599858];
vy = [vy -0.00130695];
vx = [vx -0.0599814];
vy = [vy -0.00149361];
vx = [vx -0.0599765];
vy = [vy -0.00168027];
vx = [vx -0.0599709];
vy = [vy -0.00186691];
vx = [vx -0.0599648];
vy = [vy -0.00205354];
vx = [vx -0.0599582];
vy = [vy -0.00224014];
vx = [vx -0.0599509];
vy = [vy -0.00242671];
vx = [vx -0.0599431];
vy = [vy -0.00261327];
vx = [vx -0.0599346];
vy = [vy -0.0027998];
vx = [vx -0.0599256];
vy = [vy -0.00298631];
vx = [vx -0.0599161];
vy = [vy -0.00317278];
vx = [vx -0.0599059];
vy = [vy -0.00335922];
vx = [vx -0.0598951];
vy = [vy -0.00354564];
vx = [vx -0.0598838];
vy = [vy -0.00373202];
vx = [vx -0.0598719];
vy = [vy -0.00391836];
vx = [vx -0.0598594];
vy = [vy -0.00410466];
vx = [vx -0.0598464];
vy = [vy -0.00429092];
vx = [vx -0.0598327];
vy = [vy -0.00447715];
vx = [vx -0.0598185];
vy = [vy -0.00466333];
vx = [vx -0.0598037];
vy = [vy -0.00484947];
vx = [vx -0.0597883];
vy = [vy -0.00503554];
vx = [vx -0.0597724];
vy = [vy -0.00522159];
vx = [vx -0.0597558];
vy = [vy -0.00540758];
vx = [vx -0.0597387];
vy = [vy -0.00559351];
vx = [vx -0.059721];
vy = [vy -0.0057794];
vx = [vx -0.0597027];
vy = [vy -0.00596521];
vx = [vx -0.0596839];
vy = [vy -0.00615098];
vx = [vx -0.0596644];
vy = [vy -0.00633669];
vx = [vx -0.0596444];
vy = [vy -0.00652234];
vx = [vx -0.0596238];
vy = [vy -0.00670793];
vx = [vx -0.0596027];
vy = [vy -0.00689344];
vx = [vx -0.0595809];
vy = [vy -0.00707889];
vx = [vx -0.0595586];
vy = [vy -0.00726428];
vx = [vx -0.0595357];
vy = [vy -0.00744959];
vx = [vx -0.0595123];
vy = [vy -0.00763484];
vx = [vx -0.0594882];
vy = [vy -0.00781999];
vx = [vx -0.0594636];
vy = [vy -0.00800508];
vx = [vx -0.0594384];
vy = [vy -0.0081901];
vx = [vx -0.0594126];
vy = [vy -0.00837504];
vx = [vx -0.0593863];
vy = [vy -0.00855988];
vx = [vx -0.0593593];
vy = [vy -0.00874465];
vx = [vx -0.0593318];
vy = [vy -0.00892934];
vx = [vx -0.0593038];
vy = [vy -0.00911394];
vx = [vx -0.0592751];
vy = [vy -0.00929846];
vx = [vx -0.0592459];
vy = [vy -0.00948287];
vx = [vx -0.0592161];
vy = [vy -0.0096672];
vx = [vx -0.0591857];
vy = [vy -0.00985144];
vx = [vx -0.0591548];
vy = [vy -0.0100356];
vx = [vx -0.0591233];
vy = [vy -0.0102196];
vx = [vx -0.0590912];
vy = [vy -0.0104036];
vx = [vx -0.0590585];
vy = [vy -0.0105874];
vx = [vx -0.0590253];
vy = [vy -0.0107711];
vx = [vx -0.0589915];
vy = [vy -0.0109548];
vx = [vx -0.0589571];
vy = [vy -0.0111383];
vx = [vx -0.0589221];
vy = [vy -0.0113217];
vx = [vx -0.0588866];
vy = [vy -0.011505];
vx = [vx -0.0588505];
vy = [vy -0.0116882];
vx = [vx -0.0588139];
vy = [vy -0.0118713];
vx = [vx -0.0587766];
vy = [vy -0.0120543];
vx = [vx -0.0587388];
vy = [vy -0.0122372];
vx = [vx -0.0587005];
vy = [vy -0.0124199];
vx = [vx -0.0586615];
vy = [vy -0.0126025];
vx = [vx -0.058622];
vy = [vy -0.012785];
vx = [vx -0.058582];
vy = [vy -0.0129674];
vx = [vx -0.0585413];
vy = [vy -0.0131496];
vx = [vx -0.0585001];
vy = [vy -0.0133317];
vx = [vx -0.0584584];
vy = [vy -0.0135137];
vx = [vx -0.058416];
vy = [vy -0.0136956];
vx = [vx -0.0583731];
vy = [vy -0.0138773];
vx = [vx -0.0583296];
vy = [vy -0.0140589];
vx = [vx -0.0582856];
vy = [vy -0.0142404];
vx = [vx -0.058241];
vy = [vy -0.0144217];
vx = [vx -0.0581958];
vy = [vy -0.0146029];
vx = [vx -0.0581501];
vy = [vy -0.0147839];
vx = [vx -0.0581038];
vy = [vy -0.0149648];
vx = [vx -0.058057];
vy = [vy -0.0151455];
vx = [vx -0.0580096];
vy = [vy -0.0153261];
vx = [vx -0.0579616];
vy = [vy -0.0155066];
vx = [vx -0.0579131];
vy = [vy -0.0156869];
vx = [vx -0.057864];
vy = [vy -0.015867];
vx = [vx -0.0578143];
vy = [vy -0.016047];
vx = [vx -0.0577641];
vy = [vy -0.0162269];
vx = [vx -0.0577133];
vy = [vy -0.0164066];
vx = [vx -0.057662];
vy = [vy -0.0165861];
vx = [vx -0.0576101];
vy = [vy -0.0167655];
vx = [vx -0.0575576];
vy = [vy -0.0169447];
vx = [vx -0.0575046];
vy = [vy -0.0171237];
vx = [vx -0.057451];
vy = [vy -0.0173026];
vx = [vx -0.0573969];
vy = [vy -0.0174813];
vx = [vx -0.0573422];
vy = [vy -0.0176598];
vx = [vx -0.057287];
vy = [vy -0.0178382];
vx = [vx -0.0572312];
vy = [vy -0.0180164];
vx = [vx -0.0571749];
vy = [vy -0.0181944];
vx = [vx -0.057118];
vy = [vy -0.0183722];
vx = [vx -0.0570605];
vy = [vy -0.0185499];
vx = [vx -0.0570025];
vy = [vy -0.0187274];
vx = [vx -0.0569439];
vy = [vy -0.0189047];
vx = [vx -0.0568848];
vy = [vy -0.0190818];
vx = [vx -0.0568252];
vy = [vy -0.0192587];
vx = [vx -0.056765];
vy = [vy -0.0194355];
vx = [vx -0.0567042];
vy = [vy -0.019612];
vx = [vx -0.0566429];
vy = [vy -0.0197884];
vx = [vx -0.0565811];
vy = [vy -0.0199646];
vx = [vx -0.0565186];
vy = [vy -0.0201406];
vx = [vx -0.0564557];
vy = [vy -0.0203164];
vx = [vx -0.0563922];
vy = [vy -0.020492];
vx = [vx -0.0563281];
vy = [vy -0.0206674];
vx = [vx -0.0562636];
vy = [vy -0.0208425];
vx = [vx -0.0561984];
vy = [vy -0.0210175];
vx = [vx -0.0561327];
vy = [vy -0.0211923];
vx = [vx -0.0560665];
vy = [vy -0.0213669];
vx = [vx -0.0559998];
vy = [vy -0.0215413];
vx = [vx -0.0559325];
vy = [vy -0.0217155];
vx = [vx -0.0558646];
vy = [vy -0.0218894];
vx = [vx -0.0557962];
vy = [vy -0.0220632];
vx = [vx -0.0557273];
vy = [vy -0.0222367];
vx = [vx -0.0556578];
vy = [vy -0.02241];
vx = [vx -0.0555878];
vy = [vy -0.0225831];
vx = [vx -0.0555172];
vy = [vy -0.022756];
vx = [vx -0.0554462];
vy = [vy -0.0229287];
vx = [vx -0.0553745];
vy = [vy -0.0231011];
vx = [vx -0.0553024];
vy = [vy -0.0232733];
vx = [vx -0.0552297];
vy = [vy -0.0234453];
vx = [vx -0.0551565];
vy = [vy -0.0236171];
vx = [vx -0.0550827];
vy = [vy -0.0237886];
vx = [vx -0.0550084];
vy = [vy -0.0239599];
vx = [vx -0.0549336];
vy = [vy -0.024131];
vx = [vx -0.0548582];
vy = [vy -0.0243018];
vx = [vx -0.0547823];
vy = [vy -0.0244724];
vx = [vx -0.0547059];
vy = [vy -0.0246428];
vx = [vx -0.0546289];
vy = [vy -0.0248129];
vx = [vx -0.0545514];
vy = [vy -0.0249828];
vx = [vx -0.0544734];
vy = [vy -0.0251524];
vx = [vx -0.0543949];
vy = [vy -0.0253218];
vx = [vx -0.0543158];
vy = [vy -0.025491];
vx = [vx -0.0542362];
vy = [vy -0.0256599];
vx = [vx -0.0541561];
vy = [vy -0.0258285];
vx = [vx -0.0540755];
vy = [vy -0.025997];
vx = [vx -0.0539943];
vy = [vy -0.0261651];
vx = [vx -0.0539126];
vy = [vy -0.026333];
vx = [vx -0.0538304];
vy = [vy -0.0265007];
vx = [vx -0.0537477];
vy = [vy -0.0266681];
vx = [vx -0.0536644];
vy = [vy -0.0268352];
vx = [vx -0.0535807];
vy = [vy -0.0270021];
vx = [vx -0.0534964];
vy = [vy -0.0271687];
vx = [vx -0.0534116];
vy = [vy -0.027335];
vx = [vx -0.0533262];
vy = [vy -0.0275011];
vx = [vx -0.0532404];
vy = [vy -0.0276669];
vx = [vx -0.053154];
vy = [vy -0.0278325];
vx = [vx -0.0530672];
vy = [vy -0.0279978];
vx = [vx -0.0529798];
vy = [vy -0.0281628];
vx = [vx -0.0528919];
vy = [vy -0.0283275];
vx = [vx -0.0528035];
vy = [vy -0.028492];
vx = [vx -0.0527145];
vy = [vy -0.0286562];
vx = [vx -0.0526251];
vy = [vy -0.0288201];
vx = [vx -0.0525352];
vy = [vy -0.0289837];
vx = [vx -0.0524447];
vy = [vy -0.0291471];
vx = [vx -0.0523538];
vy = [vy -0.0293101];
vx = [vx -0.0522623];
vy = [vy -0.0294729];
vx = [vx -0.0521703];
vy = [vy -0.0296354];
vx = [vx -0.0520778];
vy = [vy -0.0297976];
vx = [vx -0.0519849];
vy = [vy -0.0299596];
vx = [vx -0.0518914];
vy = [vy -0.0301212];
vx = [vx -0.0517974];
vy = [vy -0.0302825];
vx = [vx -0.0517029];
vy = [vy -0.0304436];
vx = [vx -0.0516079];
vy = [vy -0.0306043];
vx = [vx -0.0515124];
vy = [vy -0.0307648];
vx = [vx -0.0514164];
vy = [vy -0.030925];
vx = [vx -0.0513199];
vy = [vy -0.0310848];
vx = [vx -0.0512229];
vy = [vy -0.0312444];
vx = [vx -0.0511255];
vy = [vy -0.0314036];
vx = [vx -0.0510275];
vy = [vy -0.0315626];
vx = [vx -0.050929];
vy = [vy -0.0317212];
vx = [vx -0.05083];
vy = [vy -0.0318796];
vx = [vx -0.0507306];
